 0        100
 1         36
 2         17
 3         16
 4         10
 5         11
 6         12
 7         11
 8          5
 9          8
 10         2
 11         7
 12         3
 13         7
 14         2
 15         4
 16         6
 17         3
 18         4
 19         3
 20         6
 21         2
 22         7
 23         2
 24         5
 25         3
 26         6
 27         3
 28         3
 29         4
 30         1
 31         2
 32         2
 33         1
 34         4
 35         2
 36         5
 38         4
 39         2
 40         5
 42         2
 44         4
 46         2
 47         2
 48         5
 49         2
 50         3
 52         2
 53         1
 54         3
 55         3
 56         2
 57         2
 59         1
 60         1
 61         1
 62         3
 63         5
 64         2
 65         1
 66         4
 67         2
 68         1
 70         2
 71         3
 72         2
 74         2
 75         3
 76         3
 77         1
 78         1
 79         4
 81         1
 82         2
 83         2
 84         1
 87         1
 88         2
 90         3
 91         2
 92         3
 94         1
 95         2
 97         1
 98         2
 99         4
 102        1
 103        1
 104        1
 105        3
 106        4
 108        1
 109        1
 111        2
 113        1
 114        1
 115        1
 116        3
 117        2
 118        2
 120        2
 122        1
 126        2
 127        2
 130        2
 131        2
 135        1
 138        2
 139        1
 141        1
 142        2
 146        4
 148        1
 151        1
 152        1
 153        1
 154        1
 155        2
 156        1
 158        3
 159        1
 162        1
 163        2
 165        2
 166        1
 168        1
 171        1
 172        1
 173        1
 180        1
 181        1
 182        1
 184        1
 185        2
 188        1
 194        1
 195        1
 199        1
 200        1
 208        1
 210        2
 211        2
 216        2
 220        1
 226        1
 228        1
 233        1
 234        2
 237        1
 238        1
 239        1
 241        1
 242        2
 244        1
 245        1
 247        1
 248        1
 251        1
 254        1
 256        1
 260        1
 262        1
 265        1
 267        1
 269        1
 272        2
 274        1
 278        1
 280        1
 281        2
 282        2
 287        1
 288        1
 294        1
 296        1
 299        1
 301        1
 303        1
 305        2
 307        1
 308        2
 312        2
 313        1
 315        1
 320        1
 321        1
 322        1
 324        1
 325        1
 327        2
 328        1
 330        1
 334        1
 337        4
 340        1
 343        1
 344        1
 345        1
 350        1
 357        1
 358        1
 366        2
 370        1
 373        1
 374        1
 377        1
 378        1
 380        1
 389        1
 394        1
 398        1
 399        2
 404        1
 411        1
 412        2
 413        1
 415        1
 418        1
 420        1
 422        1
 425        1
 430        1
 431        1
 432        1
 435        1
 436        1
 442        1
 443        1
 448        2
 451        1
 458        1
 459        1
 468        1
 479        1
 483        1
 490        2
 492        2
 494        1
 496        1
 497        2
 498        1
 499        1
 504        1
 508        1
 512        1
 518        1
 526        1
 528        1
 531        1
 548        1
 549        1
 551        2
 558        1
 561        1
 568        1
 569        1
 570        2
 584        2
 594        2
 597        1
 598        2
 599        1
 602        1
 605        1
 608        1
 613        1
 614        3
 618        1
 619        1
 621        1
 622        1
 623        1
 624        1
 630        1
 635        1
 636        1
 641        1
 642        1
 647        1
 654        1
 658        2
 659        1
 660        3
 661        1
 662        1
 675        1
 676        1
 677        2
 679        1
 683        1
 688        1
 690        1
 693        1
 696        2
 715        1
 716        1
 730        2
 732        4
 736        1
 739        1
 740        1
 741        1
 753        1
 756        1
 757        1
 759        1
 766        1
 768        1
 775        1
 776        1
 782        1
 784        1
 788        1
 794        1
 796        1
 799        1
 801        1
 803        1
 805        1
 807        1
 816        3
 823        1
 831        1
 833        1
 834        1
 841        1
 842        1
 852        1
 868        1
 873        1
 876        1
 879        1
 881        1
 883        1
 896        1
 913        1
 917        1
 919        1
 920        1
 922        1
 923        1
 928        1
 930        1
 931        2
 932        1
 933        1
 935        1
 939        1
 941        1
 958        1
 960        1
 961        1
 981        1
 986        1
 995        1
 997        1
 1004       1
 1005       1
 1017       1
 1021       1
 1022       1
 1026       1
 1036       1
 1038       2
 1052       1
 1057       1
 1081       1
 1086       1
 1087       1
 1098       1
 1099       1
 1117       1
 1120       1
 1124       1
 1141       1
 1157       2
 1167       2
 1174       1
 1175       1
 1197       2
 1217       1
 1229       1
 1231       1
 1244       1
 1248       1
 1264       1
 1267       1
 1273       1
 1295       1
 1304       1
 1311       1
 1312       1
 1315       1
 1322       1
 1323       1
 1324       1
 1328       1
 1329       1
 1336       1
 1340       1
 1350       1
 1357       1
 1369       1
 1403       1
 1408       1
 1416       1
 1417       1
 1419       1
 1424       1
 1427       1
 1428       1
 1442       1
 1444       1
 1445       1
 1446       3
 1447       2
 1448       2
 1482       1
 1486       1
 1515       2
 1533       1
 1534       1
 1539       1
 1541       1
 1543       1
 1544       1
 1545       1
 1549       2
 1553       1
 1562       1
 1570       1
 1584       1
 1586       1
 1592       1
 1596       1
 1602       2
 1604       1
 1607       1
 1610       1
 1614       1
 1619       1
 1621       1
 1626       1
 1629       1
 1646       2
 1647       1
 1651       1
 1680       1
 1699       1
 1714       1
 1733       1
 1765       1
 1809       1
 1844       1
 1859       1
 1890       1
 1905       1
 1929       1
 1962       1
 1977       1
 2034       1
 2037       1
 2073       1
 2104       1
 2271       1
 2289       1
 2375       1
 2518       1
 2580       1
 2588       1
 2589       1
